etopo1_bedrock.txt
ncols        481
nrows        421
xllcorner    -110.008333333333
yllcorner    30.991666666667
cellsize     0.016666666667
[rows 76 to 113 of 421, columns 252 to 335 of 481]
2508 2494 2408 2344 2329 2358 2323 2276 2347 2440 2487 2379 2332 2358 2451 2597 2650 2700 2759 2831 2852 2929 3085 3093 2922 2995 3081 3051 3115 3218 3039 3000 3002 2998 3178 3161 2870 2755 2666 2578 2553 2552 2513 2440 2436 2462 2426 2498 2471 2423 2393 2372 2339 2291 2244 2221 2218 2182 2143 2072 2084 2131 2195 2192 2209 2226 2262 2256 2238 2194 2115 1995 1969 1971 1950 1930 1913 1913 1917 1901 1884 1891 1881 1893
2352 2340 2325 2343 2316 2310 2287 2299 2406 2544 2389 2311 2318 2314 2555 2842 2836 2993 3035 3017 2964 2857 2868 2811 2779 2930 3005 3064 3046 3167 3015 2964 2977 3112 3180 3081 2943 2767 2709 2665 2561 2526 2508 2452 2388 2432 2407 2423 2477 2431 2382 2340 2397 2333 2222 2191 2221 2203 2145 2123 2037 2124 2156 2146 2195 2177 2222 2214 2220 2171 2069 1963 1933 1944 1934 1918 1900 1889 1892 1880 1872 1891 1965 1967
2319 2334 2372 2344 2306 2295 2256 2301 2305 2383 2303 2265 2260 2284 2469 2497 2693 2834 2678 2672 2687 2794 2854 2831 2769 2904 2994 3007 3021 3061 2928 2828 2952 3089 2987 2880 2798 2699 2635 2645 2590 2513 2498 2443 2400 2366 2395 2376 2466 2443 2461 2402 2317 2363 2253 2179 2173 2214 2196 2123 2039 2071 2130 2127 2214 2164 2179 2186 2155 2085 2038 1942 1916 1917 1915 1908 1900 1884 1870 1861 1901 2001 2074 2089
2344 2449 2547 2443 2322 2300 2239 2247 2300 2245 2286 2308 2370 2465 2766 2678 2490 2560 2659 2955 3164 3206 3154 3089 3012 2813 2978 2921 2884 2977 2893 2790 2888 3103 2970 2882 2838 2837 2752 2586 2542 2540 2488 2468 2409 2330 2340 2376 2454 2443 2410 2433 2327 2261 2255 2199 2149 2166 2176 2158 2063 2038 2048 2163 2196 2185 2126 2169 2043 1975 1944 1918 1900 1894 1895 1893 1888 1886 1859 1858 1966 2043 2158 2211
2360 2456 2520 2473 2333 2324 2271 2187 2247 2313 2335 2417 2496 2664 2964 3064 2950 2672 2926 3283 3519 3389 3328 3143 3026 2845 2985 2959 2872 2795 2725 2694 2846 2982 2981 2995 3026 2923 2726 2596 2495 2434 2467 2437 2429 2370 2283 2325 2369 2401 2351 2388 2330 2269 2222 2196 2175 2120 2171 2169 2088 1971 2032 2121 2125 2082 2090 2046 1988 1940 1919 1901 1887 1883 1887 1880 1873 1872 1855 1850 1920 2007 2044 2049
2346 2376 2382 2368 2299 2295 2205 2198 2293 2334 2399 2478 2580 2817 3148 3415 3062 2739 2945 3230 3489 3604 3380 3288 3107 2877 3035 3113 2998 2795 2667 2637 2730 2945 3196 3341 3305 3034 2798 2699 2605 2507 2427 2388 2383 2402 2377 2267 2286 2356 2313 2338 2296 2257 2212 2218 2181 2121 2099 2178 2140 2002 1960 2000 2009 2018 1982 1953 1936 1918 1904 1891 1876 1870 1864 1859 1859 1859 1849 1845 1881 1941 1939 1934
2338 2326 2317 2319 2265 2254 2169 2247 2290 2322 2372 2467 2648 2975 3189 3408 3252 2991 3138 3301 3549 3604 3437 3420 3196 2921 3112 3152 2947 2778 2665 2621 2735 2948 3338 3569 3287 3035 2820 2716 2644 2599 2566 2470 2363 2350 2341 2308 2222 2297 2281 2279 2280 2227 2214 2189 2187 2144 2076 2118 2162 2024 1920 1924 1938 2035 1952 1918 1907 1898 1885 1875 1868 1863 1854 1846 1852 1849 1836 1847 1864 1872 1884 1897
2312 2322 2342 2259 2224 2216 2157 2198 2234 2297 2375 2459 2658 2970 3224 3485 3455 3393 3346 3394 3440 3409 3378 3183 3058 3086 3177 2986 2849 2705 2685 2612 2715 2947 3183 3404 3241 2922 2784 2729 2719 2606 2584 2521 2425 2317 2258 2310 2253 2187 2254 2239 2224 2251 2178 2157 2180 2163 2075 2066 2079 1978 1920 1907 1907 1932 1922 1902 1892 1883 1874 1865 1863 1855 1844 1838 1832 1827 1834 1857 1868 1880 1892 1905
2285 2279 2267 2214 2197 2194 2182 2117 2203 2267 2326 2432 2660 2938 3146 3406 3292 3189 3152 2952 3039 3085 3334 3297 3316 3115 3270 2984 2887 2694 2800 2681 2628 2890 2983 3201 3284 3019 2789 2606 2581 2665 2623 2571 2520 2476 2382 2225 2220 2177 2157 2220 2173 2247 2202 2130 2147 2164 2090 1983 2030 1955 1925 1897 1882 1894 1902 1894 1885 1874 1870 1859 1853 1856 1855 1847 1825 1821 1837 1850 1863 1875 1893 1914
2255 2248 2229 2193 2186 2179 2127 2144 2205 2265 2330 2406 2524 2764 3033 3173 2973 2862 2794 3059 3257 3262 3364 3592 3458 3232 3341 3222 2890 2713 2621 2573 2558 2656 2810 3092 3491 3284 3012 2670 2470 2412 2488 2558 2455 2471 2442 2346 2246 2183 2147 2133 2149 2255 2246 2154 2116 2095 2140 2062 1949 1932 1926 1921 1887 1876 1891 1885 1876 1869 1860 1846 1842 1843 1845 1834 1814 1825 1842 1866 1881 1888 1906 1917
2242 2219 2195 2171 2175 2162 2114 2164 2216 2306 2315 2350 2421 2601 2854 2946 2724 2709 2871 2976 3180 3524 3391 3789 3547 3354 3424 3320 2994 2785 2620 2539 2531 2589 2738 2931 3238 3052 2915 2652 2476 2323 2289 2328 2346 2337 2451 2402 2284 2254 2218 2186 2080 2159 2264 2196 2136 2010 2041 2008 1948 1924 1910 1907 1895 1877 1863 1869 1864 1859 1852 1840 1832 1833 1831 1824 1809 1820 1834 1849 1865 1877 1891 1905
2267 2246 2174 2154 2162 2148 2103 2133 2165 2254 2240 2266 2326 2406 2529 2605 2705 2987 3387 3397 3241 3597 3559 3753 3687 3617 3474 3141 2918 2741 2636 2543 2505 2527 2629 2879 3006 2891 2705 2546 2385 2444 2363 2333 2473 2358 2269 2398 2289 2273 2207 2178 2070 2020 2175 2214 2062 2021 1953 1954 1938 1920 1907 1895 1883 1875 1860 1848 1847 1846 1836 1838 1830 1824 1819 1808 1802 1821 1833 1847 1867 1879 1886 1900
2308 2305 2174 2146 2153 2110 2075 2072 2090 2137 2200 2233 2274 2304 2349 2528 2766 2991 3119 3368 3576 3520 3613 3514 3648 3404 3257 3091 2855 2670 2597 2536 2503 2498 2569 2610 2618 2603 2535 2536 2581 2771 2648 2563 2598 2519 2286 2154 2204 2212 2302 2244 2072 1995 1992 2038 1993 1963 1940 1928 1923 1918 1906 1902 1880 1868 1866 1857 1842 1830 1820 1831 1831 1818 1814 1809 1799 1823 1843 1862 1865 1870 1886 1914
2330 2230 2159 2141 2134 2076 2110 2128 2144 2185 2222 2254 2282 2305 2337 2404 2558 2756 2823 2951 3092 3218 3344 3408 3506 3281 3021 3036 2842 2731 2596 2523 2498 2550 2773 2775 2984 2705 2650 2873 2867 2920 2820 2675 2518 2536 2497 2315 2178 2094 2039 2047 2007 1980 1958 1949 1949 1943 1930 1911 1915 1910 1909 1903 1880 1861 1844 1840 1842 1833 1826 1817 1817 1817 1815 1803 1803 1831 1851 1867 1867 1871 1892 1913
2233 2194 2156 2127 2117 2098 2125 2141 2166 2193 2218 2238 2254 2276 2319 2375 2536 2897 3261 3320 3322 3234 3411 3456 3318 3117 2914 2920 2932 2841 2638 2524 2500 2661 2926 2841 2996 3131 2922 2875 3120 3071 2978 2764 2517 2399 2501 2361 2186 2155 2050 2013 1991 1974 1954 1948 1938 1918 1911 1903 1890 1893 1899 1911 1895 1857 1835 1825 1822 1820 1817 1814 1802 1801 1803 1800 1806 1828 1828 1838 1853 1873 1901 1919
2203 2179 2160 2137 2101 2117 2125 2141 2163 2184 2202 2213 2221 2247 2281 2337 2665 3079 3218 3341 3199 3070 3061 3226 3160 2841 2843 2949 3013 2894 2692 2544 2512 2642 2989 2960 3035 3245 3336 3278 3204 2938 2761 2639 2483 2336 2235 2183 2127 2084 2057 2037 2008 1980 1955 1940 1939 1918 1902 1887 1877 1875 1879 1886 1877 1844 1830 1820 1812 1808 1801 1800 1799 1801 1801 1787 1803 1815 1844 1850 1855 1874 1898 1908
2197 2167 2150 2135 2101 2109 2126 2140 2156 2169 2181 2190 2191 2208 2226 2268 2475 2679 2786 2824 2877 2852 2850 2961 2998 2730 2868 2997 2945 2754 2658 2551 2529 2621 2880 3006 3054 3160 3238 3268 3228 3052 3033 2857 2604 2382 2298 2198 2140 2101 2065 2026 1996 1972 1949 1932 1917 1906 1894 1882 1872 1860 1851 1867 1875 1856 1839 1833 1827 1820 1810 1803 1796 1794 1782 1788 1816 1838 1840 1827 1833 1842 1853 1854
2191 2170 2143 2134 2100 2120 2134 2142 2146 2150 2158 2160 2167 2169 2174 2192 2263 2350 2417 2514 2542 2545 2645 2655 2709 2700 2920 2949 2773 2670 2612 2552 2545 2636 2764 2940 3022 3232 3055 3073 3200 3113 2936 3079 2827 2656 2640 2509 2428 2257 2080 2033 2004 1997 1976 1937 1919 1910 1910 1906 1884 1872 1857 1844 1857 1854 1833 1825 1824 1828 1823 1819 1813 1811 1791 1774 1798 1815 1813 1808 1811 1820 1831 1846
2252 2186 2142 2127 2107 2080 2127 2137 2133 2131 2133 2130 2147 2134 2140 2162 2221 2387 2447 2562 2531 2589 2624 2635 2623 2699 2830 2883 2769 2595 2555 2549 2586 2639 2745 2870 3001 3138 3052 2920 2938 2977 2923 2818 2725 2587 2478 2381 2244 2186 2123 2079 2043 2007 1972 1941 1923 1911 1904 1897 1877 1872 1859 1848 1835 1849 1829 1819 1814 1821 1829 1828 1822 1817 1799 1767 1772 1780 1793 1794 1808 1824 1836 1856
2281 2193 2152 2112 2103 2050 2114 2115 2112 2112 2109 2109 2110 2108 2133 2179 2298 2504 2710 2720 2830 2926 2836 2963 2818 2707 2798 2798 2765 2636 2556 2557 2624 2764 2959 3000 3000 3029 3007 2931 2856 2819 2879 2872 2816 2538 2400 2325 2437 2311 2197 2092 2050 2008 1987 1959 1919 1904 1889 1883 1882 1857 1848 1843 1833 1825 1825 1816 1814 1806 1814 1831 1846 1822 1797 1767 1764 1776 1781 1799 1816 1830 1846 1844
2188 2126 2110 2094 2094 2048 2101 2096 2092 2086 2080 2075 2080 2102 2127 2197 2382 2574 2728 2746 2849 2852 2967 2978 2911 2823 2865 2712 2846 2746 2586 2571 2651 2799 2881 2974 3037 3000 2992 2958 2877 2802 2854 2825 2854 2724 2601 2391 2367 2432 2313 2115 2033 1994 1968 1950 1932 1897 1882 1870 1868 1856 1841 1834 1824 1813 1813 1814 1809 1808 1802 1824 1836 1828 1802 1769 1760 1767 1791 1813 1830 1843 1831 1829
2159 2099 2087 2088 2058 2064 2085 2074 2058 2054 2061 2075 2092 2117 2143 2237 2347 2383 2424 2589 2637 2773 2786 2677 2734 2691 2666 2737 2883 2746 2623 2607 2750 2940 3088 3074 3107 3005 2948 2925 2807 2777 2753 2789 2852 2746 2529 2275 2154 2143 2108 2058 2015 1987 1963 1943 1923 1907 1894 1880 1867 1863 1858 1851 1842 1824 1813 1807 1800 1794 1789 1790 1801 1800 1789 1777 1761 1767 1800 1820 1835 1821 1813 1838
2090 2090 2081 2074 2035 2050 2055 2047 2062 2077 2093 2092 2117 2140 2191 2335 2498 2638 2574 2495 2510 2542 2597 2698 2643 2597 2619 2842 2995 2792 2647 2679 2877 3032 3205 3316 3264 3116 3025 2959 2880 2866 2846 2771 2666 2561 2526 2362 2209 2102 2070 2025 1996 1974 1955 1925 1910 1901 1895 1886 1880 1869 1858 1852 1847 1840 1844 1840 1827 1817 1811 1783 1776 1798 1801 1793 1766 1754 1795 1814 1812 1792 1834 1848
2085 2086 2073 2058 1967 2025 2052 2078 2102 2113 2118 2126 2136 2198 2324 2481 2692 2766 2865 2786 2714 2714 2838 2968 2887 2727 2637 2850 3023 2847 2685 2706 2816 2895 3083 3206 3202 3118 3055 2993 2977 2967 2918 2836 2807 2782 2663 2496 2296 2145 2085 2038 1994 1977 1945 1939 1937 1939 1924 1902 1889 1881 1875 1866 1860 1846 1828 1817 1804 1796 1790 1783 1774 1762 1768 1775 1764 1742 1752 1773 1771 1806 1835 1820
2090 2072 2071 2009 1972 2063 2102 2133 2163 2171 2164 2172 2174 2244 2360 2426 2485 2592 2813 3022 2964 2945 3027 3008 3030 2912 2712 2855 3031 2867 2681 2673 2779 2874 2950 3016 2994 3013 2982 2985 2933 2806 2692 2732 2749 2686 2621 2521 2427 2376 2273 2069 1999 1978 2101 2134 2102 2156 2103 1962 1933 1923 1905 1888 1874 1876 1840 1816 1811 1809 1798 1789 1790 1793 1768 1750 1753 1745 1738 1757 1779 1833 1828 1796
2089 2057 2009 2017 2103 2127 2173 2212 2245 2274 2260 2230 2347 2250 2387 2516 2600 2572 2750 2839 2754 2775 2845 2841 2940 2944 2879 2926 3130 2956 2729 2646 2668 2749 2821 2920 2911 2898 2883 2848 2781 2739 2665 2636 2670 2617 2581 2564 2487 2421 2357 2183 2061 2057 2258 2283 2311 2292 2207 2074 2177 2159 2099 1974 1898 1893 1847 1827 1830 1817 1804 1798 1813 1814 1782 1778 1768 1762 1737 1753 1777 1793 1795 1784
2083 2002 1987 2105 2183 2288 2334 2354 2417 2482 2445 2311 2391 2273 2339 2525 2754 2728 2666 2775 2946 3030 2922 3045 2953 2931 3105 3128 3220 3025 2800 2640 2623 2674 2689 2776 2868 2878 2845 2861 2865 2796 2740 2677 2637 2557 2565 2604 2520 2442 2359 2274 2118 2106 2255 2263 2215 2128 2094 2000 2157 2243 2190 2099 1919 1909 1875 1852 1849 1831 1811 1813 1819 1818 1818 1837 1782 1757 1732 1745 1763 1786 1778 1780
1996 1926 2016 2123 2382 2483 2559 2648 2697 2708 2579 2403 2465 2303 2338 2532 2694 2877 2940 2941 3080 3198 3160 3084 3042 3065 3115 3165 3198 3077 2866 2677 2612 2629 2683 2737 2900 2959 2836 2838 2873 2818 2731 2629 2573 2548 2502 2528 2483 2412 2351 2288 2193 2048 2120 2113 2008 1964 1942 1941 1959 2035 2004 1963 1930 1923 1906 1902 1868 1826 1824 1827 1835 1840 1849 1824 1786 1764 1750 1745 1760 1766 1770 1792
1934 1961 2026 2201 2399 2568 2650 2705 2831 2829 2703 2501 2525 2345 2338 2486 2570 2638 2688 2784 2806 2941 2953 3039 3128 3226 3286 3330 3244 3152 2976 2814 2648 2631 2676 2826 3041 3093 3040 2774 2706 2779 2611 2511 2442 2447 2464 2457 2442 2378 2321 2263 2212 2111 2017 1973 1956 1931 1926 1912 1903 1896 1894 1901 1893 1898 1888 1873 1855 1851 1836 1827 1838 1841 1833 1829 1799 1784 1771 1765 1762 1777 1788 1804
2255 2279 2279 2350 2450 2636 2802 3028 3064 3048 2749 2554 2497 2384 2458 2590 2670 2719 2895 3077 3043 3042 3099 3260 3300 3165 3131 3082 3240 3057 3135 2894 2720 2667 2596 2827 3011 3091 3062 2852 2575 2604 2729 2571 2402 2395 2446 2428 2429 2381 2332 2301 2236 2098 2031 1954 1931 1923 1906 1894 1885 1878 1868 1861 1863 1862 1860 1858 1844 1836 1822 1807 1816 1815 1796 1790 1799 1802 1785 1768 1748 1783 1791 1781
2275 2346 2456 2538 2555 2554 2653 2794 2829 2879 2801 2688 2507 2516 2651 2737 2890 3033 3082 3006 3114 3267 3401 3490 3408 3092 2943 2914 3012 2962 3079 3049 2848 2597 2569 2889 2874 2889 2931 2908 2675 2433 2441 2377 2419 2449 2464 2398 2403 2327 2220 2172 2040 2008 2023 1952 1920 1916 1905 1895 1881 1868 1860 1849 1839 1844 1838 1838 1838 1830 1808 1802 1798 1792 1791 1782 1777 1774 1778 1789 1776 1753 1771 1772
2245 2295 2348 2346 2347 2380 2440 2509 2567 2622 2698 2766 2620 2550 2638 2690 2727 2790 2858 2984 3271 3349 3483 3394 3326 3144 2826 2869 2932 2793 2841 2916 2719 2544 2515 2775 2806 2768 2734 2631 2476 2370 2315 2286 2324 2514 2409 2350 2385 2392 2329 2164 2105 2088 2061 1962 1946 1952 2010 1943 1903 1887 1870 1854 1839 1830 1826 1822 1819 1814 1824 1831 1843 1816 1818 1804 1801 1801 1806 1793 1779 1773 1734 1763
2209 2265 2286 2251 2221 2238 2272 2316 2369 2463 2545 2588 2603 2668 2767 2903 2959 2831 2981 3189 3307 3267 3391 3303 3226 3104 2926 2725 2904 2926 2781 2892 2763 2561 2450 2646 2728 2745 2684 2609 2415 2348 2293 2270 2251 2362 2314 2248 2294 2282 2241 2214 2180 2187 2180 2005 1969 1974 2048 2040 2001 1911 1868 1853 1841 1835 1841 1843 1830 1833 1837 1847 1868 1850 1842 1827 1810 1798 1792 1775 1773 1763 1713 1758
2224 2225 2245 2246 2263 2281 2307 2323 2336 2377 2396 2498 2602 2748 2844 2927 3104 3039 3130 3273 3060 3124 3137 3108 3013 2959 2925 2662 2812 2818 2821 2743 2765 2564 2407 2603 2666 2677 2644 2658 2582 2394 2313 2262 2231 2235 2258 2192 2215 2225 2206 2170 2154 2162 2169 2096 2063 2056 2054 2037 2014 1951 1944 1928 1859 1854 1857 1851 1835 1837 1850 1868 1892 1910 1867 1847 1842 1812 1799 1782 1789 1778 1706 1725
2126 2216 2276 2293 2290 2349 2352 2367 2463 2487 2482 2464 2502 2597 2626 2757 2956 3045 3130 3161 3010 2940 3095 3106 2754 2710 2692 2587 2649 2745 2974 2775 2517 2472 2392 2592 2637 2612 2608 2610 2445 2303 2281 2263 2216 2198 2234 2256 2217 2169 2172 2150 2125 2138 2143 2162 2103 2072 2064 2042 2033 2036 2033 1969 1887 1886 1866 1860 1847 1843 1853 1872 1896 1926 1872 1836 1823 1811 1805 1811 1801 1787 1767 1696
2161 2220 2314 2351 2367 2400 2431 2420 2454 2541 2579 2688 2618 2718 2744 2645 2803 2892 3065 2966 2885 2924 3021 3027 2825 2562 2514 2502 2601 2934 3076 2709 2466 2366 2345 2511 2586 2598 2585 2543 2424 2351 2287 2242 2227 2218 2287 2287 2284 2212 2180 2167 2147 2127 2124 2117 2137 2088 2067 2057 2054 2050 2039 1987 1920 1912 1879 1863 1857 1859 1866 1875 1890 1912 1895 1858 1836 1827 1845 1826 1803 1788 1769 1726
2190 2253 2290 2338 2375 2457 2507 2518 2498 2541 2677 2779 2768 2982 2919 2843 2658 2737 2840 2808 2821 2898 2992 2951 2660 2472 2451 2548 2696 2891 3101 2832 2588 2431 2300 2334 2495 2623 2618 2544 2442 2356 2283 2257 2246 2238 2275 2295 2334 2310 2207 2191 2178 2166 2139 2129 2116 2098 2078 2060 2054 2046 2037 2028 1957 1927 1901 1882 1876 1877 1879 1884 1885 1890 1895 1880 1846 1824 1842 1836 1813 1797 1781 1674
2252 2282 2340 2377 2400 2529 2600 2649 2655 2626 2693 2833 2931 3142 3179 3054 2817 2876 2774 2887 2944 2995 3029 2764 2519 2439 2491 2689 2786 2678 2889 2887 2601 2371 2318 2287 2426 2502 2535 2500 2400 2309 2290 2291 2295 2334 2303 2275 2266 2296 2252 2233 2226 2187 2156 2152 2137 2108 2080 2058 2043 2035 2023 2001 1944 1925 1913 1906 1897 1902 1900 1893 1893 1896 1909 1891 1843 1816 1802 1813 1814 1801 1800 1756
