etopo1_bedrock.txt
ncols        481
nrows        421
xllcorner    -110.008333333333
yllcorner    30.991666666667
cellsize     0.016666666667
[rows 114 to 151 of 421, columns 252 to 335 of 481]
2342 2359 2392 2480 2473 2517 2632 2728 2754 2736 2789 2797 2989 3246 3430 3209 3012 3094 2908 2814 2987 2984 2898 2652 2562 2509 2516 2723 2735 2601 2580 2662 2497 2311 2278 2274 2412 2427 2449 2448 2348 2300 2315 2360 2503 2465 2356 2272 2247 2254 2228 2195 2224 2189 2164 2128 2111 2092 2066 2046 2036 2026 2017 2005 1972 1927 1917 1924 1929 1924 1909 1908 1912 1913 1920 1895 1835 1809 1802 1803 1792 1777 1765 1733
2441 2454 2492 2569 2614 2600 2751 2779 2859 2865 3023 2922 2939 3296 3531 3427 3283 3071 3007 2899 2855 2914 2799 2700 2646 2447 2491 2684 2724 2618 2449 2464 2334 2254 2257 2312 2371 2373 2386 2389 2335 2345 2341 2392 2536 2501 2354 2256 2229 2217 2206 2182 2205 2176 2151 2127 2102 2089 2072 2055 2024 2021 2010 2000 1971 1933 1902 1906 1917 1935 1933 1924 1922 1905 1884 1853 1821 1821 1836 1817 1811 1820 1820 1812
2462 2508 2566 2632 2693 2696 2733 2867 2945 3013 3218 2974 3087 3318 3555 3623 3402 3219 3130 3014 2934 2884 2687 2713 2712 2422 2481 2712 2802 2724 2571 2312 2274 2262 2242 2287 2317 2323 2346 2355 2343 2345 2319 2358 2402 2379 2302 2232 2196 2182 2176 2188 2216 2170 2150 2126 2092 2079 2084 2053 2019 2012 2000 1989 1958 1911 1903 1897 1904 1921 1950 1944 1947 1916 1862 1836 1833 1867 1848 1856 1828 1834 1835 1812
2458 2542 2610 2656 2720 2799 2788 2809 2916 3238 3378 3009 3166 3413 3667 3728 3509 3355 3179 3053 3009 2793 2625 2592 2475 2347 2490 2596 2745 2633 2416 2308 2273 2377 2311 2232 2258 2244 2267 2291 2340 2308 2307 2322 2308 2289 2256 2212 2182 2162 2168 2163 2166 2132 2122 2107 2084 2066 2065 2046 2013 2000 1995 1978 1956 1950 1895 1885 1897 1910 1939 1966 1954 1884 1844 1834 1861 1856 1858 1879 1864 1877 1860 1847
2478 2530 2566 2620 2699 2786 2874 2911 2945 3135 3408 3109 3311 3232 3347 3621 3574 3373 3269 3146 3014 2771 2599 2541 2459 2322 2406 2429 2570 2657 2502 2430 2314 2391 2264 2246 2273 2239 2227 2271 2286 2259 2279 2293 2275 2274 2236 2198 2166 2167 2184 2178 2154 2145 2139 2127 2102 2067 2026 2000 1996 1984 1979 1963 1946 1924 1877 1879 1890 1903 1919 1942 1928 1886 1866 1857 1876 1859 1864 1885 1883 1881 1862 1852
2385 2491 2579 2693 2755 2779 2864 3015 3159 3421 3323 3223 3398 3427 3401 3486 3663 3486 3396 3117 2866 2728 2568 2464 2380 2303 2338 2497 2573 2550 2374 2301 2310 2307 2207 2193 2236 2242 2202 2246 2249 2239 2260 2240 2234 2233 2220 2171 2157 2186 2213 2222 2223 2255 2233 2256 2160 2148 2067 1997 1974 1957 1949 1979 1962 1924 1894 1892 1932 1930 1926 1941 1930 1913 1890 1890 1897 1879 1861 1857 1851 1851 1839 1845
2500 2573 2670 2881 3088 2971 2893 3116 3378 3583 3510 3401 3366 3501 3564 3528 3712 3564 3402 3170 2852 2672 2637 2509 2403 2283 2275 2373 2353 2303 2243 2321 2391 2278 2217 2164 2160 2187 2204 2188 2220 2250 2310 2264 2196 2180 2182 2168 2155 2185 2240 2340 2435 2341 2337 2287 2174 2082 2089 1995 1971 1949 1930 1934 1940 1901 1935 1945 2067 2069 1972 2009 2047 2044 2043 1994 1966 1917 1882 1872 1859 1836 1819 1800
2486 2596 2728 2894 3134 3242 3071 3174 3366 3543 3693 3550 3536 3567 3666 3671 3577 3478 3342 3123 2871 2691 2575 2481 2474 2343 2262 2279 2207 2181 2213 2378 2345 2271 2193 2157 2131 2135 2167 2153 2150 2259 2303 2271 2212 2159 2148 2145 2151 2190 2277 2393 2350 2427 2470 2408 2215 2131 2104 1988 1953 1936 1920 1905 1895 1892 1885 1908 1980 1967 1925 2038 2123 2136 2093 2035 1912 1890 1861 1880 1875 1850 1822 1785
2584 2656 2688 2782 2965 3242 3251 3316 3467 3751 3594 3511 3550 3570 3577 3484 3547 3560 3554 3345 3054 2787 2628 2518 2417 2377 2388 2306 2211 2186 2207 2249 2252 2226 2171 2160 2146 2115 2124 2121 2180 2271 2265 2260 2198 2154 2132 2126 2140 2186 2265 2281 2309 2315 2270 2221 2159 2175 2079 1999 1955 1943 1926 1896 1885 1877 1871 1880 1883 1866 1865 1946 2059 2097 2026 1838 1802 1835 1881 1885 1883 1851 1821 1792
2678 2798 2879 2924 2817 2961 3019 3178 3394 3543 3488 3328 3292 3338 3397 3346 3432 3556 3558 3429 3023 2729 2575 2525 2424 2351 2361 2352 2388 2339 2240 2216 2183 2176 2142 2139 2128 2113 2096 2164 2238 2222 2209 2230 2201 2154 2106 2113 2131 2178 2238 2371 2329 2206 2165 2143 2144 2112 2043 1986 1945 1927 1909 1894 1881 1878 1873 1877 1876 1838 1833 1849 1872 1875 1856 1771 1753 1814 1867 1903 1870 1808 1803 1777
2757 2953 3074 3228 3171 3109 2939 3096 3204 3408 3476 3254 3153 3209 3217 3284 3407 3429 3534 3332 2972 2730 2576 2433 2419 2398 2313 2275 2370 2328 2248 2248 2215 2157 2160 2177 2168 2118 2122 2204 2185 2190 2196 2177 2157 2093 2085 2100 2117 2149 2171 2240 2242 2235 2154 2129 2094 2057 2028 1986 1951 1941 1931 1923 1896 1885 1883 1897 1890 1856 1819 1810 1811 1793 1770 1765 1730 1725 1779 1824 1811 1768 1743 1733
2880 3086 3386 3437 3384 3185 3141 3319 3456 3572 3499 3259 3027 3082 3185 3282 3372 3350 3381 2951 2717 2661 2669 2634 2692 2607 2390 2261 2254 2297 2268 2288 2219 2140 2216 2257 2222 2180 2104 2127 2142 2152 2160 2174 2165 2136 2071 2076 2085 2101 2117 2158 2204 2184 2169 2142 2075 2036 1996 1970 1957 1951 1943 1941 1911 1893 1898 1943 1946 1914 1862 1811 1790 1781 1765 1732 1717 1694 1703 1703 1688 1680 1662 1666
2841 3122 3332 3257 3214 3242 3278 3373 3469 3492 3381 3222 2970 3121 3178 3254 3248 3272 3226 2883 2629 2533 2657 2573 2656 2765 2597 2328 2219 2199 2248 2336 2220 2156 2134 2139 2128 2111 2076 2074 2098 2115 2125 2136 2153 2143 2084 2048 2056 2063 2073 2104 2147 2139 2194 2162 2062 2007 1976 1959 1942 1935 1943 1957 1943 1925 1915 1955 1962 1926 1894 1841 1797 1782 1797 1771 1734 1704 1680 1676 1665 1642 1643 1657
2846 2965 3095 3280 3305 3124 3167 3175 3163 3220 3231 3089 2963 3084 3110 3086 3265 3390 3039 2800 2626 2508 2527 2507 2676 2666 2464 2309 2232 2297 2291 2228 2187 2189 2135 2131 2107 2084 2089 2079 2065 2066 2085 2101 2118 2133 2109 2037 2030 2039 2042 2056 2093 2082 2098 2100 2046 2009 1986 1955 1935 1923 1923 1940 1944 1911 1914 1946 1969 1925 1893 1851 1804 1772 1767 1775 1761 1727 1690 1679 1669 1659 1625 1612
2835 2952 3234 3496 3384 3123 3071 2936 3063 3046 3122 2910 3016 2960 3002 3134 3358 3249 2946 2686 2597 2605 2410 2415 2494 2407 2316 2271 2327 2317 2336 2368 2211 2193 2154 2127 2112 2138 2121 2095 2076 2073 2047 2047 2083 2115 2086 2032 2012 2020 2014 2029 2055 2049 2025 2015 2006 1999 1983 1958 1926 1911 1915 1921 1930 1915 1917 1920 1926 1901 1871 1845 1808 1775 1754 1739 1761 1749 1716 1726 1688 1667 1667 1650
3018 3150 3321 3518 3342 3117 2928 2828 2905 2890 2866 2828 2912 2994 3155 3307 3374 3112 2820 2759 2575 2472 2413 2368 2353 2297 2324 2344 2291 2265 2281 2350 2264 2244 2172 2151 2148 2167 2107 2094 2108 2131 2062 2028 2033 2071 2064 2016 2007 2000 1990 2008 2023 2032 1994 1982 1971 1953 1959 1961 1942 1915 1934 1940 1930 1918 1909 1898 1893 1886 1865 1843 1810 1782 1758 1733 1724 1724 1712 1710 1701 1693 1689 1675
2857 3173 3509 3591 3298 3104 3047 2956 2673 2703 2754 2816 2955 3110 3285 3292 3326 3013 2835 2680 2586 2496 2368 2287 2287 2351 2357 2319 2267 2232 2242 2299 2244 2267 2184 2125 2104 2096 2083 2074 2086 2109 2084 2048 2038 2057 2026 1998 1995 2002 1980 1984 1993 2021 1972 1957 1939 1930 1940 1944 1933 1913 1907 1924 1934 1924 1906 1896 1888 1873 1857 1841 1820 1810 1777 1748 1733 1712 1700 1698 1715 1712 1700 1698
2954 3117 3330 3437 3201 2993 2900 2765 2660 2655 2868 2788 3038 3142 3087 3275 3335 3047 2831 2701 2679 2550 2431 2342 2371 2291 2307 2321 2270 2239 2196 2216 2201 2235 2172 2135 2117 2083 2066 2057 2060 2071 2069 2061 2049 2064 2034 1996 1969 1986 1987 1976 1963 1978 1958 1943 1930 1909 1913 1925 1921 1905 1911 1944 1909 1889 1888 1901 1890 1879 1876 1834 1810 1812 1784 1759 1742 1718 1697 1696 1717 1712 1697 1708
3273 3462 3554 3389 3031 2814 2926 2878 2662 2666 2680 2787 2857 2924 3058 3237 3385 3105 2928 2851 2874 2709 2484 2412 2395 2350 2342 2281 2262 2228 2280 2228 2157 2195 2175 2173 2143 2094 2081 2059 2067 2057 2034 2035 2041 2049 2044 2008 1969 1959 1965 1961 1940 1971 1986 1982 1952 1906 1903 1907 1904 1901 1925 1960 1946 1927 1907 1861 1854 1874 1849 1807 1833 1818 1800 1781 1762 1727 1702 1688 1705 1707 1700 1681
3241 3504 3518 3320 2990 2787 2720 2850 2609 2571 2734 2891 3030 3182 3324 3416 3239 3056 2935 2834 2816 2779 2671 2528 2413 2332 2287 2269 2249 2234 2275 2244 2157 2159 2170 2154 2132 2099 2084 2066 2069 2075 2049 2032 2019 2027 2039 2013 1970 1974 1982 1965 1946 1958 1999 1997 1969 1908 1908 1920 1914 1913 1913 1930 1943 1925 1896 1894 1867 1852 1828 1831 1790 1831 1816 1767 1784 1774 1722 1684 1676 1735 1729 1693
3235 3325 3274 3262 2911 2777 2616 2688 2487 2667 2781 2936 3181 3215 3371 3439 3229 3137 3048 2887 2766 2645 2799 2611 2447 2339 2281 2252 2227 2226 2213 2163 2154 2119 2110 2112 2119 2096 2085 2059 2055 2051 2032 2018 2013 2012 2014 1994 1978 1997 2010 1999 1984 1970 2011 2010 1972 1924 1922 1920 1917 1929 1913 1917 1922 1910 1934 1908 1906 1895 1872 1841 1786 1787 1783 1773 1773 1747 1732 1721 1660 1751 1730 1725
3277 3027 3103 3088 2881 2758 2692 2509 2492 2740 2915 3068 3229 3120 3224 3281 3150 3063 2965 2907 2869 2607 2798 2864 2529 2374 2313 2303 2273 2269 2255 2204 2170 2133 2124 2100 2087 2083 2075 2060 2055 2038 2033 2038 2017 2013 1999 1996 2011 2015 2026 2027 2014 1982 2021 2018 1983 1952 1949 1938 1918 1920 1948 1960 1953 1948 1910 1902 1926 1908 1870 1872 1863 1808 1843 1816 1834 1803 1754 1758 1691 1652 1645 1630
2882 2842 2928 2826 2754 2683 2695 2514 2558 2782 3023 3116 3122 3000 3126 3287 3031 2842 2750 2728 2818 2854 2629 2701 2537 2407 2323 2288 2302 2322 2255 2208 2167 2149 2134 2117 2101 2082 2063 2053 2045 2051 2064 2048 2018 2006 1998 2031 2029 2021 2038 2040 2021 1983 1997 2014 2010 1979 1960 1950 1935 1935 1988 1983 1958 1940 1940 1944 1943 1909 1885 1896 1828 1870 1830 1857 1859 1817 1787 1808 1747 1773 1728 1669
2690 2896 2793 2693 2677 2698 2568 2425 2568 2851 2939 2871 2887 3003 3227 3171 3117 2834 2683 2640 2580 2608 2492 2389 2363 2351 2311 2313 2379 2376 2341 2204 2112 2082 2091 2088 2085 2087 2058 2041 2041 2047 2058 2046 2029 2023 2014 2041 2045 2035 2046 2045 2025 2003 2009 2025 2035 2014 1981 1968 1970 1961 2002 1984 1954 1966 1970 1962 1951 1925 1915 1878 1879 1891 1845 1873 1855 1836 1845 1836 1777 1692 1510 1426
2733 2786 2769 2717 2575 2632 2571 2433 2749 2853 2770 2825 2934 3034 3086 3000 3061 2996 2833 2748 2798 2585 2422 2345 2280 2267 2274 2276 2387 2476 2455 2269 2120 2049 2047 2055 2075 2048 2032 2033 2035 2045 2053 2050 2056 2025 2040 2075 2067 2052 2054 2044 2045 2027 2021 2043 2047 2011 1990 1986 1998 1974 2002 1990 1968 1973 1977 1974 1964 1943 1922 1925 1918 1875 1879 1893 1874 1859 1854 1734 1634 1566 1530 1482
2995 2808 2613 2609 2576 2462 2385 2430 2722 2791 2708 2768 2792 2802 2844 2910 2955 3092 2855 2690 2718 2586 2421 2378 2335 2284 2238 2257 2399 2436 2315 2230 2083 2026 2024 2044 2023 2017 2023 2041 2040 2043 2054 2061 2055 2034 2075 2076 2056 2056 2056 2069 2067 2054 2023 2035 2052 2026 2013 2006 1994 1980 1991 2004 1983 1975 1984 1977 1964 1942 1925 1913 1889 1885 1897 1869 1828 1768 1635 1539 1528 1683 1581 1437
3010 2750 2631 2572 2495 2447 2397 2347 2642 2749 2607 2679 2663 2674 2789 2868 2892 3084 2856 2642 2525 2454 2334 2309 2332 2290 2247 2216 2302 2386 2287 2158 2062 2011 2006 2005 1999 2028 2050 2070 2061 2053 2056 2060 2064 2063 2050 2054 2060 2063 2076 2088 2069 2048 2027 2021 2050 2044 2018 2011 2003 2002 2010 2011 1991 1982 1985 1980 1968 1947 1925 1924 1890 1852 1760 1757 1664 1538 1507 1621 1707 1717 1688 1474
2974 2796 2695 2572 2563 2544 2464 2304 2511 2689 2569 2511 2574 2689 2813 2808 2841 3044 2972 2619 2447 2336 2262 2238 2302 2289 2289 2304 2257 2209 2178 2104 2048 2033 2011 1989 1993 2016 2045 2078 2095 2095 2080 2070 2072 2080 2086 2079 2068 2073 2082 2087 2058 2036 2032 2014 2038 2031 2017 2024 2017 2015 2014 2001 1993 1990 1975 1971 1960 1948 1944 1933 1893 1802 1784 1753 1636 1628 1687 1689 1706 1503 1465 1425
2741 2590 2607 2487 2494 2447 2428 2264 2482 2622 2603 2484 2569 2683 2727 2703 2829 3068 2976 2650 2364 2260 2214 2187 2216 2251 2266 2273 2299 2339 2266 2135 2065 2016 2024 1984 1980 2003 2035 2065 2078 2100 2111 2094 2091 2105 2108 2082 2079 2089 2098 2080 2060 2038 2010 2003 2003 2006 2014 2018 2020 2009 1995 2003 2007 2002 1987 1954 1934 1900 1875 1888 1843 1827 1772 1743 1624 1731 1774 1647 1528 1466 1426 1410
2513 2477 2461 2487 2388 2320 2275 2218 2393 2496 2554 2518 2460 2555 2652 2611 2738 2917 2861 2591 2345 2241 2205 2156 2156 2186 2193 2211 2240 2267 2289 2149 2081 2018 1991 1979 1978 2005 2030 2060 2048 2056 2065 2096 2106 2103 2079 2072 2092 2104 2094 2083 2076 2044 2011 1985 1985 2008 2010 2017 2017 1986 1982 2000 2007 2005 1976 1929 1907 1920 1866 1824 1790 1754 1700 1697 1686 1748 1660 1521 1463 1443 1430 1428
2392 2363 2351 2420 2299 2284 2221 2176 2275 2314 2360 2415 2451 2375 2487 2546 2652 2797 2803 2669 2406 2239 2176 2138 2121 2152 2151 2182 2207 2186 2202 2115 2061 2041 1977 1963 1980 2005 2030 2059 2033 2029 2042 2054 2070 2077 2085 2092 2101 2104 2070 2081 2087 2055 1996 1977 1965 1989 1986 1992 1988 1985 1981 1984 2000 1990 1972 1962 1945 1900 1827 1789 1770 1813 1772 1743 1762 1650 1562 1533 1503 1475 1449 1437
2297 2281 2276 2308 2231 2242 2181 2134 2133 2199 2289 2340 2351 2279 2369 2509 2586 2637 2641 2614 2452 2291 2221 2137 2094 2114 2125 2154 2184 2149 2122 2084 2016 2035 1988 1953 1980 1995 2019 2042 2016 2016 2029 2050 2071 2076 2084 2102 2108 2069 2057 2073 2071 2057 2025 1968 1948 1943 1970 1982 1983 1983 1985 1977 1979 1977 1970 1954 1899 1834 1864 1865 1846 1817 1801 1773 1686 1686 1665 1719 1541 1504 1460 1436
2221 2347 2342 2221 2199 2159 2136 2130 2116 2210 2354 2347 2277 2234 2312 2448 2510 2561 2559 2614 2660 2409 2204 2125 2088 2070 2092 2124 2154 2131 2086 2039 2012 1985 1970 1945 1956 1975 2004 2002 1998 2009 2027 2048 2065 2076 2083 2102 2107 2062 2057 2080 2083 2068 2038 1978 1914 1915 1954 1974 1969 1966 1981 1976 1962 1943 1923 1928 1887 1894 1902 1936 1880 1835 1812 1723 1771 1768 1684 1567 1492 1483 1457 1444
2314 2359 2342 2266 2262 2202 2117 2105 2130 2201 2271 2302 2267 2172 2241 2443 2488 2555 2508 2501 2514 2472 2223 2132 2091 2071 2051 2060 2108 2080 2073 2035 2018 1992 1952 1930 1956 1970 1989 1987 1989 2018 2032 2049 2059 2066 2084 2114 2106 2074 2066 2084 2091 2082 2044 1975 1904 1882 1941 1930 1917 1960 1981 1987 1995 1962 1948 1970 1965 1946 1938 1940 1885 1737 1671 1627 1662 1629 1604 1579 1574 1547 1471 1445
2290 2279 2292 2337 2343 2390 2164 2091 2087 2153 2188 2292 2267 2156 2210 2359 2403 2460 2449 2386 2420 2470 2292 2158 2159 2193 2099 2026 2045 2022 2014 2002 1989 1967 1940 1916 1958 1967 1974 1983 1990 2023 2026 2039 2037 2045 2079 2112 2100 2083 2080 2083 2093 2085 2054 1987 1910 1867 1933 1871 1910 1953 1985 1995 2003 1986 1976 1981 2005 1982 1854 1762 1714 1657 1638 1604 1575 1569 1569 1547 1540 1544 1463 1449
2249 2231 2233 2271 2302 2330 2218 2096 2073 2095 2204 2331 2308 2159 2137 2303 2319 2349 2381 2297 2362 2426 2384 2225 2134 2144 2107 2070 2016 1984 2043 1977 2011 1964 1952 1917 1935 1955 1969 1973 1969 2004 2021 2038 1985 2046 2078 2089 2092 2097 2093 2085 2092 2082 2045 2022 1925 1841 1833 1854 1901 1969 1993 2010 2009 2005 1934 1883 1851 1719 1708 1756 1746 1760 1660 1630 1646 1612 1602 1575 1504 1520 1496 1451
2195 2187 2204 2216 2256 2269 2295 2108 2071 2076 2150 2253 2221 2133 2101 2211 2234 2306 2275 2203 2251 2337 2356 2268 2123 2082 2095 2056 1992 1966 1964 1977 1996 1974 1970 1952 1942 1929 1952 1963 2000 2036 2037 2051 2045 1944 2019 2005 2091 2108 2108 2093 2103 2080 2036 2042 1981 1930 1791 1936 1911 1966 1992 2020 2028 2015 1860 1723 1690 1646 1633 1711 1922 1849 1712 1649 1645 1579 1542 1520 1472 1482 1538 1546
2166 2156 2161 2153 2207 2240 2305 2192 2091 2053 2058 2099 2122 2077 2054 2103 2126 2131 2111 2078 2150 2203 2240 2272 2153 2071 2042 2065 2032 1998 1952 1972 1971 2032 1936 1997 1988 1975 1906 1968 2035 2018 1963 2022 2048 1879 1897 2001 2054 2054 2073 2100 2106 2075 2058 2060 2002 1851 1751 1835 1893 1956 1982 2027 2047 2030 1821 1683 1658 1636 1603 1656 1846 1713 1725 1556 1553 1557 1534 1540 1516 1447 1443 1504
