etopo1_bedrock.txt
ncols        481
nrows        421
xllcorner    -110.008333333333
yllcorner    30.991666666667
cellsize     0.016666666667
[rows 228 to 265 of 421, columns 0 to 83 of 481]
2010 2051 2122 2155 2155 2158 2159 2171 2203 2210 2241 2255 2276 2311 2348 2377 2350 2316 2277 2255 2302 2345 2369 2395 2383 2408 2422 2359 2351 2360 2352 2323 2290 2236 2166 2105 2085 2068 2048 2048 2058 2073 2064 2122 2154 2165 2168 2129 2104 2143 2175 2200 2223 2217 2215 2244 2261 2276 2283 2299 2349 2333 2367 2313 2303 2316 2299 2256 2251 2254 2235 2188 2194 2192 2227 2262 2227 2193 2186 2193 2197 2209 2232 2237
2023 2044 2069 2096 2117 2148 2167 2195 2224 2251 2275 2295 2301 2329 2359 2376 2373 2411 2403 2346 2385 2413 2443 2466 2472 2484 2516 2481 2449 2420 2392 2359 2355 2268 2224 2180 2120 2108 2086 2077 2092 2105 2082 2140 2188 2232 2242 2207 2173 2120 2146 2156 2162 2184 2212 2216 2232 2329 2313 2297 2303 2308 2315 2306 2294 2316 2324 2303 2307 2273 2213 2224 2244 2206 2232 2285 2244 2200 2195 2211 2214 2232 2236 2253
2042 2045 2053 2092 2168 2228 2191 2202 2222 2245 2273 2290 2318 2367 2429 2396 2421 2468 2529 2515 2519 2514 2528 2574 2593 2653 2645 2623 2538 2471 2440 2390 2352 2297 2271 2246 2191 2168 2135 2117 2125 2141 2125 2153 2188 2252 2295 2226 2205 2177 2142 2133 2147 2166 2193 2195 2211 2253 2270 2309 2313 2317 2312 2313 2298 2342 2376 2352 2317 2259 2220 2244 2258 2217 2221 2269 2251 2220 2234 2238 2232 2268 2287 2267
2061 2053 2071 2122 2201 2283 2225 2219 2218 2239 2277 2302 2340 2379 2440 2449 2559 2552 2597 2651 2649 2650 2627 2654 2672 2707 2726 2670 2576 2527 2440 2379 2341 2310 2296 2272 2230 2194 2165 2170 2156 2135 2112 2130 2161 2198 2216 2210 2221 2222 2181 2162 2171 2169 2196 2214 2204 2260 2289 2315 2331 2326 2326 2338 2332 2374 2402 2406 2328 2276 2265 2240 2224 2218 2230 2261 2264 2264 2272 2262 2257 2287 2330 2309
2013 2055 2068 2108 2141 2177 2193 2213 2233 2251 2306 2326 2374 2402 2462 2507 2570 2577 2627 2680 2691 2696 2683 2748 2757 2780 2772 2750 2712 2638 2493 2409 2371 2349 2323 2270 2244 2206 2191 2191 2156 2139 2129 2127 2132 2143 2160 2203 2221 2236 2241 2213 2208 2187 2199 2205 2223 2206 2259 2329 2341 2350 2339 2382 2411 2404 2387 2377 2326 2281 2258 2245 2223 2238 2250 2264 2300 2314 2301 2296 2293 2314 2351 2358
2009 2073 2107 2125 2152 2187 2198 2219 2242 2259 2298 2341 2367 2411 2431 2468 2548 2540 2595 2637 2700 2689 2706 2800 2827 2909 2869 2833 2780 2689 2532 2470 2474 2422 2363 2310 2309 2238 2216 2196 2158 2151 2146 2159 2156 2173 2179 2259 2244 2256 2268 2238 2208 2192 2202 2227 2241 2228 2216 2272 2347 2366 2357 2369 2398 2409 2401 2353 2330 2311 2298 2257 2232 2257 2275 2294 2369 2356 2350 2344 2342 2361 2408 2381
1996 2052 2093 2124 2174 2194 2211 2231 2243 2257 2289 2336 2323 2359 2402 2426 2490 2495 2573 2662 2654 2684 2710 2787 2861 2903 2920 2826 2793 2762 2650 2532 2568 2476 2373 2321 2286 2248 2219 2214 2188 2177 2187 2196 2290 2227 2245 2287 2274 2271 2288 2292 2265 2222 2234 2346 2302 2241 2262 2326 2367 2377 2384 2396 2404 2423 2441 2396 2377 2336 2341 2296 2246 2262 2296 2322 2366 2436 2543 2511 2430 2475 2512 2407
1982 2008 2034 2076 2113 2192 2201 2218 2241 2242 2286 2319 2318 2334 2359 2427 2441 2461 2531 2596 2623 2660 2715 2784 2865 2901 2898 2831 2810 2786 2718 2572 2534 2470 2385 2307 2290 2309 2328 2347 2300 2264 2235 2272 2374 2277 2327 2302 2294 2292 2299 2313 2305 2250 2279 2372 2291 2254 2330 2398 2426 2421 2436 2449 2428 2431 2455 2444 2382 2373 2383 2299 2266 2279 2322 2353 2411 2614 2704 2609 2614 2581 2511 2579
2049 2052 2077 2132 2166 2188 2213 2217 2217 2220 2235 2219 2254 2333 2364 2388 2411 2450 2502 2541 2574 2626 2698 2779 2843 2850 2869 2833 2781 2756 2707 2620 2501 2464 2464 2455 2432 2513 2502 2474 2483 2383 2308 2344 2331 2305 2362 2357 2301 2341 2311 2317 2332 2320 2287 2362 2277 2278 2355 2444 2510 2500 2468 2476 2458 2442 2459 2393 2369 2410 2410 2360 2364 2307 2316 2364 2462 2651 2685 2697 2648 2543 2480 2601
2002 2035 2077 2135 2189 2164 2176 2164 2086 2103 2070 2067 2131 2241 2332 2368 2400 2442 2487 2512 2546 2614 2676 2743 2772 2798 2808 2790 2787 2814 2781 2700 2535 2513 2539 2541 2502 2611 2685 2644 2642 2520 2412 2522 2499 2445 2402 2323 2345 2340 2371 2354 2372 2368 2336 2364 2332 2298 2334 2447 2550 2516 2498 2510 2493 2473 2469 2474 2426 2441 2487 2481 2435 2340 2367 2429 2473 2572 2659 2560 2510 2622 2679 2563
2022 2066 2126 2100 2107 2087 2065 2078 2019 2001 2024 2169 2299 2304 2316 2400 2504 2465 2479 2502 2537 2613 2672 2716 2756 2778 2842 2807 2793 2823 2780 2677 2605 2532 2529 2671 2653 2630 2730 2742 2725 2621 2566 2562 2506 2451 2363 2331 2335 2313 2394 2400 2415 2419 2406 2415 2411 2337 2355 2394 2454 2494 2525 2536 2534 2507 2497 2545 2575 2493 2585 2594 2475 2400 2388 2411 2426 2467 2435 2404 2462 2608 2571 2422
2029 2122 2154 2064 1994 1974 1961 1957 1964 2085 2177 2192 2361 2490 2465 2512 2538 2584 2522 2517 2552 2604 2652 2685 2743 2776 2792 2786 2788 2801 2794 2731 2652 2582 2718 2763 2750 2744 2775 2799 2787 2777 2656 2490 2481 2451 2389 2359 2348 2285 2365 2427 2463 2536 2583 2499 2446 2386 2451 2561 2504 2588 2594 2593 2572 2582 2481 2555 2554 2564 2553 2566 2529 2442 2409 2337 2332 2330 2333 2335 2372 2380 2381 2381
2043 2104 2116 2019 1994 1914 1902 1899 1990 2151 2331 2421 2477 2487 2513 2534 2551 2599 2644 2573 2668 2709 2772 2762 2812 2788 2807 2820 2816 2799 2815 2785 2684 2689 2799 2784 2819 2840 2828 2820 2811 2771 2703 2593 2542 2508 2423 2373 2296 2308 2379 2465 2516 2602 2665 2562 2501 2529 2586 2734 2691 2737 2713 2628 2614 2534 2392 2383 2413 2451 2452 2443 2458 2380 2343 2319 2298 2286 2288 2327 2336 2366 2352 2393
2001 2031 2058 1995 1913 1859 1921 1928 2041 2220 2395 2565 2651 2607 2533 2517 2558 2593 2658 2683 2754 2866 2878 2976 2983 2878 2874 2905 2908 2856 2810 2789 2767 2749 2796 2789 2807 2850 2843 2821 2827 2821 2790 2730 2730 2532 2468 2368 2306 2356 2461 2573 2672 2699 2689 2605 2554 2630 2699 2731 2739 2675 2626 2548 2552 2413 2327 2305 2308 2340 2433 2392 2393 2349 2305 2291 2272 2259 2255 2321 2300 2310 2274 2299
1960 2050 2008 1931 1857 1827 1928 1993 2130 2296 2394 2529 2602 2549 2527 2524 2603 2649 2687 2761 2758 2830 2976 3093 3092 3020 2957 2989 2976 2883 2832 2829 2827 2792 2811 2801 2793 2797 2808 2826 2865 2836 2811 2755 2622 2524 2461 2361 2415 2553 2597 2690 2945 3089 2872 2680 2650 2632 2666 2671 2650 2625 2587 2470 2383 2338 2304 2273 2263 2290 2373 2325 2340 2331 2296 2280 2284 2277 2237 2278 2289 2253 2248 2316
2027 2008 1919 1857 1799 1787 1911 2008 2129 2265 2333 2399 2461 2384 2406 2436 2522 2599 2649 2725 2920 2958 3066 3266 3216 3114 3171 3122 2975 2907 2872 2863 2845 2818 2812 2785 2766 2780 2797 2804 2823 2807 2778 2729 2644 2462 2395 2357 2405 2496 2606 2710 2968 3234 3017 2776 2685 2667 2650 2656 2681 2596 2480 2445 2347 2303 2274 2248 2269 2311 2286 2276 2258 2315 2312 2313 2310 2303 2268 2225 2267 2265 2321 2505
2015 1939 1852 1793 1740 1805 1858 1883 1961 2084 2171 2294 2334 2360 2468 2562 2596 2676 2700 2796 2891 2985 3055 3213 3283 3132 3204 3055 3048 3002 2909 2869 2876 2827 2775 2752 2729 2746 2768 2787 2779 2787 2768 2732 2703 2626 2484 2402 2498 2459 2623 2691 2828 3120 2939 2710 2651 2630 2599 2598 2651 2656 2513 2382 2323 2285 2265 2298 2256 2223 2223 2238 2306 2344 2344 2345 2333 2315 2283 2215 2159 2227 2288 2485
1939 1881 1837 1762 1721 1790 1813 1885 1931 2024 2088 2193 2338 2380 2418 2504 2557 2618 2674 2755 2853 2939 3058 3151 3234 3244 3342 3215 3115 2993 2934 2965 2915 2791 2767 2778 2737 2704 2689 2680 2679 2703 2721 2712 2748 2705 2500 2464 2736 2605 2592 2712 2922 2968 2767 2625 2580 2554 2563 2566 2622 2675 2561 2459 2313 2327 2305 2246 2224 2201 2202 2254 2355 2409 2391 2353 2355 2336 2279 2263 2207 2115 2228 2335
1892 1843 1821 1739 1676 1758 1859 1920 2032 2167 2246 2370 2391 2408 2520 2537 2572 2660 2751 2841 2930 3096 3083 3022 3102 3119 3315 3237 3089 2953 2858 2821 2797 2731 2756 2766 2749 2746 2716 2696 2648 2668 2667 2651 2666 2741 2788 2582 2674 2822 2633 2721 2953 2978 2884 2614 2545 2638 2585 2528 2570 2589 2446 2376 2287 2255 2230 2214 2219 2186 2242 2316 2388 2530 2420 2356 2371 2337 2340 2307 2242 2155 2148 2249
1830 1811 1740 1674 1726 1788 1853 1905 1990 2172 2266 2338 2367 2392 2410 2494 2566 2666 2683 2737 2892 2931 2900 2964 3053 3086 3121 3179 3048 2912 2832 2798 2743 2762 2756 2742 2766 2764 2719 2680 2648 2682 2677 2621 2603 2669 2737 2730 2791 2806 2647 2623 2883 2972 2897 2591 2479 2618 2594 2516 2501 2502 2402 2282 2216 2192 2184 2184 2175 2219 2294 2368 2448 2433 2387 2376 2378 2312 2302 2345 2315 2206 2074 2145
1816 1782 1668 1700 1742 1831 1901 1911 1935 2017 2099 2249 2257 2277 2253 2407 2460 2465 2537 2637 2754 2890 2966 3065 2981 2949 2982 3004 2926 2863 2820 2782 2743 2742 2762 2755 2776 2755 2724 2682 2608 2617 2612 2635 2632 2687 2672 2701 2680 2597 2535 2650 2643 2857 2699 2581 2445 2463 2514 2470 2441 2437 2377 2265 2214 2182 2159 2161 2181 2305 2401 2460 2475 2438 2399 2349 2360 2289 2187 2272 2247 2114 2046 2070
1727 1805 1668 1707 1883 1905 1886 1861 1849 1903 1992 2062 2079 2109 2199 2246 2385 2542 2634 2707 2737 2804 2832 2927 2850 2860 2832 2833 2823 2801 2783 2783 2730 2686 2686 2702 2731 2757 2775 2684 2609 2558 2576 2608 2631 2692 2733 2793 2782 2574 2500 2460 2490 2528 2521 2510 2501 2410 2456 2401 2364 2392 2316 2255 2224 2192 2121 2087 2148 2193 2286 2373 2462 2479 2428 2409 2307 2246 2158 2080 2125 2081 2041 2006
1690 1700 1592 1657 1809 1834 1807 1770 1773 1816 1866 1945 1963 2088 2219 2369 2519 2620 2626 2573 2587 2671 2697 2711 2701 2716 2770 2765 2776 2747 2742 2764 2723 2695 2637 2624 2662 2662 2668 2646 2586 2550 2547 2601 2588 2623 2676 2743 2799 2810 2730 2487 2433 2432 2432 2431 2452 2458 2334 2323 2338 2286 2230 2205 2196 2199 2138 2122 2088 2077 2067 2092 2103 2168 2219 2248 2277 2164 2125 2051 2005 2011 1983 1990
1665 1570 1594 1656 1726 1712 1706 1742 1814 1894 1913 1913 1989 2165 2336 2425 2482 2533 2513 2471 2568 2549 2564 2624 2608 2650 2670 2704 2727 2706 2717 2736 2700 2658 2593 2545 2570 2578 2564 2568 2621 2574 2510 2569 2599 2644 2713 2713 2750 2810 2760 2563 2535 2479 2458 2481 2437 2437 2450 2367 2274 2243 2182 2151 2135 2131 2180 2203 2204 2180 2231 2322 2288 2067 2156 2175 2196 2087 2022 1990 1960 1954 2019 2015
1628 1540 1561 1590 1612 1684 1831 1955 1997 2049 2105 2133 2133 2160 2312 2386 2417 2442 2409 2422 2446 2465 2486 2511 2564 2571 2602 2633 2621 2637 2642 2622 2612 2569 2521 2469 2469 2474 2483 2495 2467 2505 2628 2630 2574 2628 2655 2647 2673 2690 2656 2649 2749 2636 2488 2444 2416 2435 2448 2376 2302 2266 2210 2172 2168 2195 2267 2409 2428 2346 2398 2446 2248 2087 1935 1987 2015 1980 1978 1966 1946 2023 2061 2096
1531 1573 1620 1607 1691 1816 1981 2159 2154 2198 2284 2289 2348 2305 2303 2341 2327 2325 2339 2401 2418 2421 2422 2513 2521 2518 2544 2564 2551 2574 2555 2536 2486 2471 2448 2428 2406 2403 2386 2387 2445 2483 2546 2600 2582 2480 2468 2495 2521 2542 2569 2614 2696 2723 2444 2382 2357 2360 2366 2302 2216 2281 2217 2209 2224 2355 2369 2400 2468 2448 2329 2237 2168 1992 1864 1886 1921 1920 1932 1934 1976 2111 2111 2131
1723 1746 1838 1767 1700 1842 2053 2111 2097 2117 2159 2192 2267 2336 2378 2373 2273 2340 2385 2320 2315 2324 2397 2450 2497 2513 2513 2524 2520 2489 2502 2461 2416 2410 2397 2402 2370 2344 2345 2359 2395 2401 2442 2548 2660 2561 2432 2473 2476 2445 2468 2500 2593 2572 2430 2272 2279 2265 2208 2151 2137 2219 2275 2303 2340 2438 2533 2529 2410 2269 2195 2168 2015 1902 1848 1857 1895 1887 1984 1944 2045 2063 2094 2147
1875 1891 1904 1914 1789 1845 1997 2054 2045 2054 2143 2187 2206 2273 2339 2362 2226 2331 2258 2200 2261 2378 2423 2461 2486 2493 2482 2462 2465 2450 2457 2415 2394 2371 2368 2382 2400 2381 2328 2340 2365 2385 2404 2508 2581 2659 2546 2450 2449 2406 2349 2397 2391 2280 2201 2149 2132 2153 2140 2068 2178 2284 2419 2389 2479 2464 2383 2295 2224 2174 2106 2004 1917 1842 1848 1849 1865 1921 2040 1911 1997 2068 2119 2173
1854 1875 1878 1894 1909 1862 1966 1994 2003 2052 2114 2140 2181 2213 2206 2217 2167 2189 2256 2367 2443 2520 2493 2486 2474 2483 2470 2442 2420 2417 2375 2396 2368 2327 2333 2357 2356 2356 2326 2302 2319 2318 2343 2408 2464 2515 2566 2551 2433 2386 2353 2245 2174 2172 2192 2121 2070 2023 2054 2232 2388 2499 2584 2478 2375 2271 2252 2219 2107 2110 2028 1923 1872 1854 1806 1815 1827 1875 1877 1961 2058 2126 2171 2227
1846 1855 1863 1873 1897 1915 1972 1940 1960 1991 2011 2064 2147 2102 2087 2017 2109 2211 2277 2368 2475 2553 2507 2445 2434 2436 2415 2423 2386 2387 2360 2316 2336 2259 2263 2272 2260 2279 2326 2358 2398 2400 2374 2369 2405 2447 2496 2537 2508 2442 2396 2392 2314 2287 2382 2323 2107 2010 2076 2258 2477 2538 2583 2404 2322 2328 2297 2243 2039 1971 1940 1898 1896 1864 1786 1780 1882 1900 1892 2007 2169 2254 2278 2278
1828 1847 1855 1869 1879 1884 1918 1907 1928 1948 1973 2029 2025 1988 2018 2106 2186 2223 2264 2304 2381 2443 2433 2399 2397 2401 2398 2368 2333 2337 2315 2225 2191 2208 2299 2331 2407 2511 2540 2613 2600 2565 2555 2476 2445 2412 2457 2476 2478 2465 2421 2310 2200 2268 2293 2151 2012 2260 2250 2331 2363 2445 2607 2474 2339 2303 2200 2023 1973 1936 1912 1928 1998 1900 1776 1789 1843 1835 1966 2108 2180 2289 2408 2477
1843 1830 1834 1855 1861 1861 1863 1886 1905 1917 1906 1946 1998 2050 2077 2113 2140 2164 2199 2228 2279 2304 2334 2356 2387 2394 2385 2316 2267 2251 2273 2184 2208 2271 2338 2378 2439 2584 2648 2757 2725 2685 2757 2665 2566 2500 2522 2579 2423 2336 2366 2259 2159 2107 2151 1971 2252 2420 2410 2453 2470 2496 2615 2437 2304 2198 2034 1970 1943 1954 2011 2095 2082 1824 1776 1839 1848 1957 1991 2022 2216 2427 2452 2552
1783 1793 1816 1835 1846 1838 1843 1859 1883 1866 1909 1977 2028 2059 2038 2106 2182 2213 2246 2295 2331 2315 2327 2341 2358 2373 2365 2277 2246 2212 2245 2156 2308 2350 2401 2444 2589 2533 2671 2800 2807 2755 2719 2735 2665 2695 2719 2623 2301 2186 2196 2263 2116 1988 1981 1946 2161 2284 2314 2436 2356 2388 2460 2367 2215 2058 2003 1938 1927 2031 2107 2170 2014 1754 1814 1886 2011 2056 2113 2024 2166 2338 2304 2393
1746 1752 1786 1817 1802 1815 1824 1825 1848 1845 1883 1921 1981 2006 2061 2151 2246 2314 2364 2388 2403 2378 2327 2324 2353 2318 2338 2329 2256 2100 2111 2226 2406 2446 2509 2524 2578 2554 2641 2718 2802 2782 2754 2718 2713 2744 2610 2469 2192 2105 2066 2105 2004 1954 1866 1942 2092 2161 2262 2348 2219 2272 2281 2185 2101 2046 1933 1886 1967 2005 2084 2145 1825 1752 1923 2029 2145 2211 2192 2200 2057 2143 2211 2310
1711 1709 1760 1791 1795 1798 1801 1792 1831 1856 1889 1915 1972 2002 2046 2133 2226 2321 2373 2405 2355 2322 2221 2340 2383 2261 2174 2264 2185 2079 2174 2238 2493 2587 2626 2578 2616 2640 2625 2676 2740 2774 2688 2599 2556 2448 2410 2427 2282 2084 2042 1941 1965 1849 1831 1960 2145 2253 2318 2325 2191 2126 2190 2117 2030 1958 1874 1924 1946 2032 2135 1966 1791 1873 2059 2226 2254 2246 2245 2211 2066 2198 2210 2195
1702 1726 1753 1781 1789 1790 1779 1788 1812 1837 1861 1892 1922 1978 2059 2123 2200 2256 2308 2331 2273 2228 2156 2206 2089 2008 2039 2106 2087 2135 2255 2309 2352 2549 2672 2688 2693 2691 2711 2728 2753 2766 2744 2678 2453 2248 2167 2086 2127 2034 1930 1894 1903 1820 1836 1953 2116 2219 2189 2227 2333 2071 2076 2038 1990 1996 1905 1876 1967 2090 2018 1902 1804 1984 2038 2060 2144 2248 2329 2238 2163 2062 2053 2113
1705 1709 1708 1753 1777 1764 1751 1792 1801 1822 1824 1850 1873 1921 1973 2057 2120 2140 2192 2195 2100 2100 2145 1992 1959 2107 2244 2253 2227 2164 2330 2458 2530 2425 2526 2603 2663 2741 2787 2819 2741 2561 2622 2663 2437 2182 2098 1975 1971 1955 1840 1805 1804 1811 1902 2037 2155 2204 2231 2108 2145 2036 1947 1962 2076 2087 1875 1881 2097 1960 1948 1867 1787 1877 1940 2067 2213 2310 2304 2279 2150 2123 2120 2131
1667 1683 1677 1721 1711 1727 1757 1772 1771 1788 1823 1851 1871 1911 1943 1976 2014 2049 2056 2064 1945 1948 1973 1994 2155 2239 2280 2302 2293 2233 2344 2534 2596 2517 2574 2646 2685 2713 2803 2808 2710 2620 2363 2254 2109 2029 2029 1959 1903 1842 1721 1770 1833 1931 2050 2147 2234 2311 2301 2133 1970 1909 1929 2027 2125 2004 1901 1941 1971 1850 1794 1749 1792 1912 1999 2189 2242 2231 2193 2177 2192 2181 2209 2175
