etopo1_bedrock.txt
ncols        481
nrows        421
xllcorner    -110.008333333333
yllcorner    30.991666666667
cellsize     0.016666666667
[rows 342 to 379 of 421, columns 252 to 335 of 481]
1601 1583 1557 1537 1518 1500 1491 1495 1497 1484 1478 1473 1451 1417 1408 1387 1365 1355 1340 1324 1319 1312 1316 1340 1345 1348 1354 1395 1433 1457 1458 1412 1380 1387 1341 1300 1342 1286 1219 1203 1188 1175 1168 1163 1180 1201 1228 1294 1325 1329 1336 1446 1696 1802 1792 1766 1723 1685 1675 1642 1632 1634 1628 1612 1596 1494 1412 1362 1332 1309 1290 1282 1273 1256 1238 1228 1236 1267 1238 1201 1176 1159 1148 1159
1586 1584 1576 1559 1532 1508 1496 1487 1473 1469 1475 1475 1458 1434 1406 1385 1371 1380 1380 1346 1334 1335 1351 1361 1346 1318 1336 1352 1452 1450 1445 1410 1414 1449 1370 1283 1304 1341 1287 1206 1180 1169 1163 1159 1162 1180 1209 1236 1267 1283 1332 1352 1419 1641 1817 1790 1750 1713 1693 1675 1682 1683 1684 1673 1638 1565 1459 1389 1353 1325 1312 1288 1273 1263 1264 1247 1218 1217 1220 1194 1165 1149 1163 1150
1593 1562 1547 1533 1521 1507 1492 1490 1473 1453 1460 1465 1451 1438 1425 1393 1373 1382 1384 1360 1375 1376 1373 1369 1353 1306 1302 1314 1411 1444 1424 1392 1412 1423 1397 1317 1253 1274 1258 1209 1168 1159 1155 1153 1156 1171 1193 1216 1238 1256 1322 1387 1380 1434 1721 1805 1775 1749 1749 1717 1742 1729 1705 1664 1600 1550 1510 1420 1357 1333 1315 1309 1293 1326 1349 1320 1277 1220 1197 1191 1179 1174 1177 1168
1610 1585 1567 1540 1519 1494 1478 1476 1465 1447 1441 1444 1440 1437 1426 1418 1389 1375 1379 1376 1395 1395 1367 1349 1344 1312 1287 1286 1319 1444 1412 1367 1408 1376 1391 1383 1348 1265 1203 1176 1160 1149 1147 1148 1153 1169 1188 1213 1265 1324 1325 1396 1382 1404 1539 1828 1817 1811 1785 1762 1779 1754 1728 1645 1558 1552 1504 1473 1400 1364 1341 1336 1333 1352 1344 1304 1271 1270 1223 1218 1208 1198 1188 1167
1588 1588 1575 1550 1538 1520 1489 1463 1453 1442 1430 1425 1422 1426 1421 1429 1420 1390 1383 1392 1409 1401 1361 1346 1333 1336 1291 1271 1283 1373 1366 1368 1392 1353 1339 1379 1345 1302 1267 1206 1153 1141 1141 1143 1150 1159 1169 1242 1329 1427 1425 1388 1419 1390 1443 1742 1861 1861 1851 1821 1780 1730 1691 1693 1679 1657 1628 1563 1509 1417 1398 1394 1406 1387 1340 1335 1303 1295 1261 1259 1253 1237 1226 1201
1597 1574 1553 1560 1558 1540 1507 1479 1459 1440 1426 1418 1416 1414 1416 1420 1429 1414 1395 1405 1398 1389 1377 1369 1341 1328 1319 1273 1278 1299 1334 1370 1371 1327 1288 1289 1295 1347 1259 1199 1141 1136 1135 1138 1141 1145 1154 1266 1383 1551 1507 1474 1445 1404 1424 1599 1884 1881 1861 1822 1785 1740 1714 1746 1723 1704 1692 1660 1608 1531 1463 1500 1470 1426 1398 1376 1350 1306 1320 1330 1327 1315 1289 1263
1593 1573 1554 1537 1544 1528 1523 1503 1488 1462 1431 1416 1408 1411 1408 1404 1419 1408 1387 1393 1395 1396 1411 1383 1357 1324 1319 1287 1273 1279 1297 1343 1385 1309 1315 1287 1258 1330 1294 1195 1136 1132 1130 1131 1133 1138 1157 1246 1408 1539 1613 1562 1574 1420 1423 1591 1885 1858 1825 1804 1786 1779 1770 1776 1757 1738 1719 1695 1657 1620 1574 1526 1509 1484 1451 1402 1353 1339 1426 1410 1388 1358 1316 1279
1583 1566 1551 1534 1521 1509 1492 1480 1462 1454 1440 1424 1412 1403 1396 1390 1388 1378 1366 1365 1365 1364 1378 1369 1360 1318 1323 1292 1276 1274 1279 1320 1358 1294 1305 1312 1237 1253 1198 1168 1136 1127 1125 1125 1127 1137 1170 1286 1416 1570 1669 1606 1680 1474 1446 1575 1883 1850 1838 1852 1833 1812 1802 1778 1753 1720 1692 1659 1619 1602 1579 1523 1501 1485 1439 1463 1419 1418 1397 1361 1327 1311 1284 1253
1584 1556 1552 1553 1536 1522 1498 1486 1478 1454 1444 1449 1431 1417 1412 1403 1394 1389 1384 1373 1354 1343 1338 1333 1324 1313 1305 1291 1282 1278 1275 1303 1305 1268 1283 1262 1230 1193 1208 1237 1169 1124 1121 1121 1124 1135 1176 1281 1442 1570 1668 1643 1692 1516 1473 1516 1773 1891 1881 1900 1862 1849 1830 1808 1768 1731 1738 1686 1668 1676 1647 1653 1566 1647 1603 1551 1423 1348 1387 1364 1296 1239 1182 1142
1591 1579 1557 1539 1527 1504 1496 1484 1468 1455 1499 1494 1473 1441 1444 1451 1433 1424 1419 1411 1391 1374 1352 1330 1319 1322 1306 1291 1284 1280 1275 1281 1299 1256 1251 1250 1268 1226 1216 1217 1204 1124 1118 1118 1122 1144 1186 1286 1414 1477 1606 1700 1683 1549 1509 1534 1575 1839 1876 1913 1889 1850 1827 1805 1814 1798 1741 1725 1764 1814 1748 1756 1745 1638 1685 1592 1487 1373 1231 1188 1153 1131 1110 1102
1591 1571 1549 1532 1512 1501 1492 1477 1465 1460 1477 1489 1497 1478 1489 1512 1499 1466 1451 1441 1444 1408 1371 1347 1330 1330 1315 1304 1309 1299 1280 1280 1291 1258 1248 1264 1263 1233 1245 1245 1255 1154 1117 1115 1118 1142 1184 1276 1479 1530 1602 1761 1734 1601 1549 1611 1632 1655 1809 1880 1925 1890 1869 1851 1861 1804 1800 1804 1883 1887 1839 1760 1755 1553 1524 1591 1356 1211 1167 1160 1137 1111 1092 1078
1585 1565 1548 1533 1513 1523 1521 1524 1501 1482 1492 1503 1516 1513 1511 1525 1548 1541 1502 1458 1436 1417 1404 1369 1337 1319 1298 1304 1308 1286 1288 1290 1300 1273 1238 1252 1243 1244 1250 1244 1241 1201 1123 1114 1114 1124 1153 1254 1447 1535 1602 1743 1754 1689 1586 1642 1718 1646 1716 1810 1987 1976 1940 1910 1861 1845 1891 1904 1902 1832 1693 1590 1541 1504 1396 1370 1215 1181 1152 1130 1113 1102 1102 1094
1573 1559 1543 1523 1525 1533 1526 1527 1515 1500 1518 1534 1555 1557 1553 1552 1534 1528 1487 1444 1415 1392 1376 1351 1320 1303 1289 1296 1302 1281 1285 1295 1299 1262 1228 1217 1229 1241 1246 1240 1231 1225 1146 1114 1113 1126 1157 1233 1336 1453 1621 1663 1723 1816 1643 1668 1778 1661 1719 1803 2036 1988 1944 1911 1925 1982 1969 1910 1871 1755 1707 1732 1643 1441 1286 1239 1209 1181 1155 1130 1112 1120 1120 1109
1575 1553 1541 1530 1530 1540 1532 1525 1513 1523 1540 1566 1589 1597 1595 1562 1518 1517 1471 1438 1408 1394 1374 1350 1317 1300 1287 1280 1273 1271 1273 1280 1294 1251 1214 1197 1211 1237 1241 1234 1221 1215 1178 1114 1113 1128 1155 1201 1330 1362 1568 1629 1659 1837 1742 1703 1790 1690 1696 1819 2065 1999 2025 2013 2037 2051 1945 1777 1683 1747 1601 1439 1349 1289 1253 1223 1196 1174 1149 1128 1126 1137 1140 1125
1583 1565 1548 1541 1542 1544 1549 1532 1527 1537 1555 1579 1601 1604 1596 1572 1526 1489 1448 1438 1397 1377 1358 1347 1318 1297 1287 1295 1305 1289 1263 1246 1246 1230 1201 1184 1190 1228 1235 1225 1200 1205 1165 1110 1107 1117 1127 1154 1319 1408 1468 1549 1591 1719 1835 1791 1808 1757 1740 1837 2099 2068 2085 2007 1950 1937 1970 1811 1576 1455 1404 1355 1316 1280 1249 1219 1194 1171 1149 1130 1137 1161 1161 1157
1585 1572 1559 1557 1562 1570 1559 1547 1541 1559 1577 1601 1597 1606 1649 1578 1561 1516 1480 1447 1432 1402 1361 1354 1327 1295 1274 1267 1269 1285 1257 1220 1204 1198 1180 1169 1170 1188 1216 1200 1176 1189 1133 1105 1103 1103 1104 1108 1137 1310 1394 1518 1525 1633 1803 1853 1872 1852 1763 1874 2133 2115 2027 2001 1870 1714 1624 1695 1476 1397 1372 1342 1307 1274 1242 1220 1193 1165 1144 1140 1165 1169 1157 1143
1584 1566 1551 1549 1549 1559 1556 1554 1560 1626 1832 1628 1573 1621 1703 1605 1611 1758 1527 1492 1510 1387 1342 1320 1309 1297 1276 1251 1239 1244 1249 1244 1203 1180 1168 1158 1163 1176 1193 1160 1133 1133 1113 1104 1102 1103 1103 1103 1112 1153 1231 1493 1622 1696 1787 1892 1924 1902 1796 2018 2186 2152 2008 1794 1933 1753 1593 1463 1421 1384 1351 1325 1296 1272 1243 1217 1189 1164 1148 1172 1186 1180 1164 1147
1578 1562 1542 1532 1530 1533 1532 1535 1537 1583 1626 1569 1548 1572 1572 1586 1605 1756 1515 1433 1397 1371 1346 1323 1305 1309 1288 1254 1231 1218 1220 1233 1216 1191 1175 1156 1150 1150 1160 1137 1115 1112 1109 1106 1102 1103 1104 1105 1106 1126 1171 1331 1689 1798 1892 1842 1956 1963 1860 2097 2091 2129 1934 1808 1618 1530 1475 1434 1411 1385 1356 1325 1301 1275 1253 1217 1185 1167 1162 1192 1180 1167 1160 1144
1590 1563 1546 1535 1520 1512 1515 1513 1527 1540 1541 1523 1522 1540 1559 1756 1606 1684 1667 1472 1436 1411 1369 1334 1307 1306 1309 1272 1245 1222 1204 1200 1199 1181 1178 1149 1137 1133 1134 1121 1110 1108 1106 1103 1105 1104 1104 1105 1104 1110 1143 1246 1537 1916 1919 1884 2000 2034 1945 2141 1940 1884 2046 1852 1555 1484 1449 1420 1396 1370 1347 1325 1299 1273 1247 1219 1196 1170 1173 1193 1181 1169 1161 1152
1575 1559 1547 1535 1523 1512 1497 1497 1496 1511 1523 1504 1520 1536 1520 1565 1606 1582 1504 1453 1423 1416 1380 1344 1304 1281 1276 1276 1260 1238 1209 1187 1177 1175 1162 1140 1129 1123 1126 1120 1109 1107 1101 1100 1108 1104 1104 1105 1104 1105 1120 1182 1428 1843 1969 1947 2028 2114 2102 2217 2040 1721 1704 1585 1526 1480 1443 1419 1400 1380 1354 1329 1301 1276 1253 1226 1187 1172 1188 1176 1169 1177 1181 1172
1555 1537 1526 1516 1507 1502 1489 1476 1469 1483 1497 1505 1528 1535 1511 1479 1474 1471 1460 1423 1394 1381 1363 1336 1304 1281 1264 1255 1252 1249 1229 1191 1171 1160 1149 1139 1129 1120 1115 1112 1108 1106 1100 1102 1107 1105 1105 1105 1105 1108 1120 1163 1331 1753 2001 2060 2091 2246 2248 2136 1986 1872 1737 1545 1502 1476 1449 1423 1399 1374 1349 1326 1301 1278 1255 1228 1193 1188 1188 1168 1167 1186 1196 1191
1570 1542 1526 1507 1493 1484 1474 1466 1459 1472 1484 1494 1506 1511 1495 1482 1459 1443 1437 1444 1395 1357 1341 1322 1292 1274 1260 1247 1247 1235 1216 1193 1175 1161 1148 1137 1127 1118 1112 1111 1108 1105 1101 1105 1106 1105 1105 1105 1108 1112 1131 1170 1256 1532 1880 2288 2352 2251 2304 2303 2156 2032 1654 1548 1495 1481 1461 1433 1396 1369 1346 1319 1288 1266 1244 1219 1205 1197 1189 1154 1133 1136 1161 1174
1554 1547 1534 1516 1500 1479 1465 1455 1449 1459 1477 1508 1533 1527 1493 1476 1455 1428 1414 1420 1382 1351 1346 1330 1316 1291 1275 1257 1258 1246 1211 1188 1175 1161 1148 1136 1124 1116 1111 1109 1108 1105 1102 1104 1105 1103 1104 1106 1110 1115 1136 1177 1256 1475 1749 2268 2459 2344 2385 2385 2232 1788 1617 1536 1490 1443 1414 1401 1390 1362 1335 1315 1294 1273 1248 1211 1191 1183 1165 1150 1142 1134 1123 1121
1540 1546 1538 1521 1499 1479 1463 1448 1438 1442 1471 1511 1565 1547 1513 1513 1497 1462 1406 1391 1378 1377 1384 1393 1358 1322 1295 1256 1238 1227 1206 1185 1173 1157 1144 1133 1122 1114 1110 1109 1106 1104 1102 1104 1106 1105 1104 1107 1110 1114 1129 1167 1234 1418 1623 2252 2354 2296 2370 2140 1782 1648 1583 1504 1454 1431 1395 1375 1354 1325 1318 1312 1291 1269 1250 1226 1206 1177 1165 1157 1148 1134 1117 1103
1538 1522 1508 1513 1510 1484 1457 1451 1437 1428 1473 1479 1483 1480 1470 1473 1525 1479 1397 1388 1412 1408 1427 1422 1438 1341 1325 1269 1240 1220 1202 1185 1172 1156 1143 1132 1122 1115 1111 1107 1104 1101 1099 1102 1105 1105 1104 1106 1110 1116 1136 1170 1218 1325 1466 1859 2275 2172 1927 1791 1668 1604 1555 1512 1473 1443 1410 1369 1341 1331 1304 1282 1288 1264 1236 1234 1205 1191 1178 1170 1146 1131 1111 1102
1586 1551 1516 1491 1489 1480 1453 1441 1441 1429 1431 1450 1467 1439 1435 1433 1414 1397 1377 1393 1473 1480 1478 1380 1367 1341 1316 1279 1243 1222 1204 1191 1177 1160 1146 1137 1124 1114 1110 1107 1103 1099 1099 1105 1104 1104 1103 1104 1108 1116 1141 1177 1227 1290 1397 1578 1890 2096 1833 1705 1648 1597 1544 1501 1466 1432 1401 1380 1348 1333 1312 1288 1252 1233 1219 1208 1195 1180 1156 1162 1150 1133 1116 1108
1621 1574 1533 1500 1480 1464 1457 1434 1426 1428 1407 1414 1421 1414 1410 1406 1393 1372 1362 1386 1556 1475 1489 1364 1324 1310 1298 1264 1240 1224 1209 1196 1183 1170 1158 1140 1128 1116 1110 1106 1102 1099 1099 1100 1100 1105 1104 1104 1106 1112 1129 1157 1231 1312 1362 1467 1644 1698 1671 1655 1628 1574 1535 1495 1444 1391 1362 1355 1330 1309 1292 1275 1249 1238 1219 1196 1182 1167 1155 1139 1138 1133 1108 1094
1619 1591 1552 1519 1492 1467 1448 1434 1418 1411 1401 1388 1384 1388 1393 1383 1372 1359 1350 1354 1373 1400 1516 1462 1338 1304 1275 1258 1242 1226 1214 1207 1198 1180 1168 1156 1152 1139 1116 1108 1107 1103 1099 1100 1099 1101 1104 1103 1105 1109 1115 1136 1214 1377 1350 1391 1434 1452 1494 1590 1584 1558 1507 1468 1445 1387 1354 1332 1336 1304 1284 1277 1263 1238 1224 1216 1197 1170 1153 1139 1129 1127 1116 1116
1594 1584 1556 1538 1515 1487 1452 1437 1426 1415 1398 1383 1372 1372 1382 1375 1368 1355 1341 1336 1340 1348 1391 1417 1320 1305 1273 1252 1239 1226 1216 1210 1205 1198 1179 1162 1157 1159 1150 1118 1108 1107 1104 1108 1102 1100 1101 1101 1102 1103 1105 1114 1240 1356 1372 1371 1344 1366 1391 1476 1585 1527 1513 1459 1422 1393 1378 1386 1375 1338 1314 1291 1282 1265 1244 1217 1195 1175 1155 1148 1153 1146 1146 1148
1575 1582 1548 1522 1499 1484 1472 1468 1447 1422 1408 1391 1376 1363 1361 1366 1359 1353 1346 1335 1328 1319 1316 1303 1291 1281 1266 1250 1240 1230 1222 1215 1217 1212 1199 1176 1166 1163 1154 1126 1112 1111 1110 1108 1105 1101 1101 1100 1101 1101 1101 1107 1189 1369 1349 1307 1302 1308 1330 1376 1484 1563 1539 1488 1447 1435 1435 1404 1376 1357 1338 1318 1294 1276 1254 1228 1206 1202 1170 1168 1188 1168 1177 1188
1587 1584 1562 1521 1493 1477 1461 1446 1435 1424 1422 1406 1383 1367 1354 1347 1348 1339 1338 1333 1336 1317 1305 1306 1304 1287 1265 1252 1241 1229 1229 1223 1223 1217 1207 1194 1177 1167 1160 1142 1123 1116 1114 1111 1106 1102 1103 1102 1101 1100 1101 1107 1166 1409 1332 1262 1266 1276 1296 1345 1401 1566 1565 1523 1496 1468 1431 1397 1405 1391 1361 1329 1301 1277 1270 1241 1216 1193 1180 1204 1221 1214 1208 1202
1568 1567 1546 1524 1493 1473 1455 1440 1425 1412 1404 1388 1373 1370 1358 1339 1332 1326 1326 1314 1317 1321 1308 1296 1299 1283 1262 1247 1239 1227 1229 1230 1229 1226 1219 1209 1195 1176 1164 1154 1135 1122 1119 1113 1107 1102 1102 1103 1102 1100 1106 1115 1147 1272 1218 1223 1230 1252 1278 1316 1415 1515 1605 1565 1514 1469 1442 1416 1394 1368 1340 1338 1309 1277 1256 1252 1219 1212 1193 1222 1244 1250 1240 1215
1540 1570 1554 1522 1498 1467 1449 1434 1418 1405 1392 1385 1386 1378 1360 1344 1330 1321 1320 1308 1323 1312 1297 1290 1283 1273 1262 1252 1236 1224 1229 1232 1231 1229 1226 1218 1212 1198 1180 1155 1136 1129 1122 1114 1109 1103 1102 1102 1102 1100 1110 1123 1139 1170 1178 1200 1225 1246 1264 1303 1400 1485 1650 1603 1535 1496 1466 1429 1390 1367 1389 1345 1319 1312 1290 1271 1250 1222 1210 1225 1240 1261 1253 1235
1527 1552 1548 1528 1495 1467 1450 1441 1417 1404 1391 1405 1436 1426 1402 1368 1348 1333 1313 1303 1305 1294 1283 1281 1291 1290 1269 1255 1247 1233 1222 1218 1227 1231 1228 1224 1216 1195 1173 1153 1140 1139 1132 1125 1112 1105 1102 1102 1101 1100 1108 1120 1136 1150 1164 1188 1207 1229 1260 1303 1388 1461 1646 1601 1578 1539 1482 1441 1408 1388 1349 1333 1365 1342 1312 1294 1272 1247 1228 1243 1255 1279 1265 1236
1517 1512 1534 1517 1488 1464 1444 1439 1419 1402 1389 1392 1409 1422 1416 1397 1380 1350 1332 1320 1308 1291 1280 1272 1274 1274 1262 1250 1241 1244 1230 1214 1207 1216 1223 1224 1220 1206 1173 1153 1151 1149 1140 1131 1121 1107 1102 1102 1101 1100 1104 1112 1126 1139 1153 1179 1204 1234 1260 1293 1355 1437 1589 1604 1554 1526 1496 1467 1438 1410 1378 1363 1376 1359 1325 1298 1282 1258 1237 1249 1267 1288 1262 1243
1488 1503 1526 1517 1488 1463 1450 1443 1416 1401 1390 1384 1379 1393 1402 1398 1385 1373 1364 1347 1334 1302 1285 1273 1263 1259 1257 1252 1240 1236 1233 1223 1212 1202 1204 1209 1212 1188 1171 1169 1160 1156 1156 1141 1137 1113 1102 1101 1101 1101 1102 1107 1117 1127 1147 1183 1196 1221 1247 1273 1313 1402 1506 1595 1566 1540 1509 1497 1490 1450 1416 1391 1349 1338 1333 1313 1284 1267 1248 1272 1299 1301 1283 1265
1476 1502 1512 1501 1488 1468 1452 1434 1419 1411 1410 1428 1402 1378 1362 1357 1358 1344 1333 1328 1339 1312 1288 1274 1267 1275 1272 1262 1245 1240 1236 1222 1212 1208 1214 1215 1201 1193 1189 1182 1174 1171 1173 1172 1145 1117 1105 1101 1101 1102 1102 1103 1107 1113 1130 1161 1187 1209 1236 1260 1294 1386 1529 1595 1582 1560 1562 1537 1511 1453 1413 1386 1381 1356 1355 1322 1311 1295 1264 1282 1300 1306 1285 1261
1492 1502 1511 1498 1484 1466 1455 1451 1448 1452 1467 1459 1441 1415 1379 1357 1348 1348 1333 1319 1308 1298 1287 1281 1273 1269 1265 1255 1248 1251 1246 1233 1223 1217 1219 1231 1230 1220 1201 1195 1192 1192 1202 1196 1160 1134 1114 1102 1101 1101 1102 1100 1105 1110 1132 1151 1173 1196 1229 1251 1284 1369 1588 1578 1623 1615 1561 1531 1495 1448 1437 1425 1395 1375 1373 1352 1341 1315 1283 1296 1308 1291 1259 1239
